1670104406.741768,2
1670104406.849881,20
1670104406.956497,20
1670104407.062314,20
1670104407.169725,15
1670104407.275020,12
1670104407.382043,20
1670104407.488193,17
1670104407.593910,20
1670104407.700610,8
1670104407.808295,15
1670104407.916421,4
1670104408.023833,6
1670104408.129868,7
1670104408.236596,8
1670104408.344161,9
1670104408.450706,6
1670104408.557867,10
1670104408.665679,12
1670104408.773258,15
1670104408.884615,20
1670104408.990424,17
1670104409.096387,8
1670104409.206847,17
1670104409.313639,20
1670104409.425801,9
1670104409.532094,20
1670104409.643262,20
1670104409.749935,4
1670104409.856642,6
1670104409.963819,8
1670104410.071641,9
1670104410.180426,9
1670104410.290170,12
1670104410.399438,12
1670104410.505744,14
1670104410.613877,14
1670104410.724340,15
1670104410.832280,15
1670104410.940263,15
1670104411.047591,16
1670104411.153717,16
1670104411.260987,17
1670104411.368401,18
1670104411.474191,19
1670104411.580491,18
1670104411.687863,19
1670104411.793404,10
1670104411.901224,12
1670104412.007710,12
1670104412.114263,14
1670104412.219938,14
1670104412.326420,16
1670104412.432955,16
1670104412.541332,17
1670104412.651871,17
1670104412.757903,17
1670104412.864455,17
1670104412.971936,19
1670104413.078509,18
1670104413.188247,18
1670104413.297824,10
1670104413.407489,11
1670104413.513221,12
1670104413.620357,13
1670104413.727783,14
1670104413.835799,15
1670104413.941921,16
1670104414.049475,17
1670104414.159469,18
1670104414.269486,18
1670104414.379272,19
1670104414.484968,19
1670104414.592959,19
1670104414.699372,19
1670104414.807357,11
1670104414.916054,11
1670104415.023381,12
1670104415.129734,13
1670104415.236223,14
1670104415.343206,15
1670104415.450211,15
1670104415.558274,17
1670104415.664099,18
1670104415.770002,18
1670104415.876854,19
1670104415.989645,17
1670104416.097649,19
1670104416.204459,10
1670104416.309986,11
1670104416.416999,11
1670104416.524069,12
1670104416.631430,14
1670104416.744841,13
1670104416.850224,15
1670104416.956231,15
1670104417.063369,19
1670104417.170340,16
1670104417.280884,15
1670104417.394314,16
1670104417.501477,14
1670104417.612997,17
1670104417.720847,10
1670104417.828862,13
1670104417.940585,9
1670104418.049665,20
1670104418.160603,18
1670104418.267483,17
1670104418.373852,4
1670104418.479721,6
1670104418.587402,8
1670104418.693438,9
1670104418.807303,11
1670104418.912403,12
1670104419.017656,13
1670104419.124491,14
1670104419.232870,12
1670104419.339518,14
1670104419.447155,15
1670104419.553105,15
1670104419.658082,16
1670104419.763881,16
1670104419.872488,18
1670104419.980578,18
1670104420.087776,18
1670104420.194131,18
1670104420.301778,19
1670104420.407855,11
1670104420.517612,11
1670104420.624098,14
1670104420.731771,14
1670104420.837790,15
1670104420.945913,16
1670104421.052406,17
1670104421.161839,17
1670104421.269326,17
1670104421.376910,17
1670104421.490864,17
1670104421.601669,18
1670104421.708726,19
1670104421.816709,18
1670104421.924611,11
1670104422.032017,12
1670104422.139212,14
1670104422.245195,14
1670104422.354988,15
1670104422.464226,15
1670104422.573000,16
1670104422.680426,17
1670104422.788983,16
1670104422.896035,17
1670104423.003762,18
1670104423.112022,18
1670104423.221072,19
1670104423.328292,19
1670104423.435965,11
1670104423.541567,11
1670104423.648540,12
1670104423.755586,12
1670104423.863123,14
1670104423.969222,15
1670104424.076006,15
1670104424.183143,17
1670104424.289594,18
1670104424.397788,18
1670104424.504835,19
1670104424.614490,19
1670104424.723721,15
1670104424.833065,7
1670104424.941387,9
1670104425.050128,12
1670104425.165650,10
1670104425.277434,20
1670104425.389232,20
1670104425.499429,4
1670104425.608063,6
1670104425.714297,8
1670104425.869862,20
1670104425.992546,2
1670104426.101754,5
1670104426.209002,6
1670104426.313289,10
1670104426.422908,11
1670104426.531483,12
1670104426.642429,11
1670104426.750419,12
1670104426.858418,13
1670104426.969964,14
1670104427.080856,15
1670104427.189668,15
1670104427.297766,15
1670104427.405401,16
1670104427.515782,17
1670104427.622210,18
1670104427.729462,20
1670104427.837097,20
1670104427.944485,20
1670104428.053231,10
1670104428.163294,11
1670104428.271396,11
1670104428.378251,13
1670104428.484250,14
1670104428.591410,15
1670104428.699943,15
1670104428.806465,15
1670104428.914995,17
1670104429.023585,17
1670104429.129213,18
1670104429.235418,18
1670104429.341454,19
1670104429.447610,19
1670104429.560878,13
1670104429.666436,11
1670104429.780765,13
1670104429.892230,13
1670104429.999047,14
1670104430.105080,15
1670104430.210995,15
1670104430.318037,16
1670104430.424632,17
1670104430.532704,17
1670104430.637344,17
1670104430.744051,18
1670104430.849533,19
1670104430.955885,18
1670104431.064274,17
1670104431.170284,12
1670104431.276574,13
1670104431.383950,14
1670104431.491422,15
1670104431.597492,14
1670104431.703751,16
1670104431.816695,16
1670104431.923265,16
1670104432.031625,16
1670104432.139465,17
1670104432.245238,18
1670104432.353315,19
1670104432.464474,15
1670104432.571629,10
1670104432.678172,11
1670104432.795696,10
1670104432.901786,19
1670104433.021122,19
1670104433.132525,4
1670104433.240247,5
1670104433.345646,8
1670104433.454476,16
1670104433.571157,11
1670104433.679019,6
1670104433.785922,7
1670104433.892916,8
1670104434.001769,9
1670104434.111078,12
1670104434.218873,12
1670104434.327445,13
1670104434.436146,14
1670104434.542736,15
1670104434.651299,15
1670104434.759788,14
1670104434.867714,15
1670104434.975242,16
1670104435.082370,17
1670104435.191219,18
1670104435.300369,19
1670104435.407517,19
1670104435.514447,20
1670104435.619940,18
1670104435.726258,11
1670104435.836085,13
1670104435.944289,14
1670104436.051987,15
1670104436.157944,14
1670104436.267313,15
1670104436.378861,16
1670104436.488049,16
1670104436.595465,17
1670104436.703436,18
1670104436.811319,18
1670104436.919783,19
1670104437.026111,18
1670104437.132190,19
1670104437.239208,11
1670104437.347211,12
1670104437.452893,14
1670104437.559332,15
1670104437.665738,15
1670104437.772502,16
1670104437.878772,16
1670104437.984635,17
1670104438.095147,17
1670104438.204336,18
1670104438.313861,18
1670104438.423228,19
1670104438.531474,19
1670104438.637556,19
1670104438.745837,10
1670104438.851814,11
1670104438.957360,13
1670104439.066998,13
1670104439.176287,15
1670104439.281834,16
1670104439.388317,16
1670104439.499498,16
1670104439.617708,14
1670104439.733929,18
1670104439.846409,17
1670104440.033187,8
1670104440.145618,16
1670104440.262231,14
1670104440.376260,16
1670104440.490264,18
1670104440.617585,10
1670104440.727576,17
1670104440.844560,20
1670104440.951456,4
1670104441.059564,5
1670104441.171618,7
1670104441.279547,9
1670104441.391180,9
1670104441.498093,11
1670104441.605646,12
1670104441.715383,13
1670104441.827077,13
1670104441.934236,15
1670104442.044881,16
1670104442.154115,16
1670104442.262361,16
1670104442.376061,17
1670104442.484062,17
1670104442.597820,18
1670104442.704210,18
1670104442.811875,18
1670104442.921470,19
1670104443.028709,11
1670104443.137842,12
1670104443.245623,14
1670104443.352336,14
1670104443.461685,13
1670104443.572745,16
1670104443.681864,16
1670104443.791734,16
1670104443.901185,17
1670104444.008079,17
1670104444.113548,18
1670104444.221943,18
1670104444.328271,18
1670104444.435056,19
1670104444.545091,11
1670104444.652261,12
1670104444.759984,13
1670104444.875418,14
1670104444.989529,14
1670104445.098306,16
1670104445.209150,15
1670104445.317179,16
1670104445.425511,17
1670104445.531913,17
1670104445.646400,17
1670104445.756091,19
1670104445.863200,19
1670104445.968891,18
1670104446.074369,11
1670104446.180846,13
1670104446.286894,14
1670104446.392920,15
1670104446.499697,14
1670104446.608865,16
1670104446.716942,17
1670104446.824982,17
1670104446.937014,15
1670104447.044983,18
1670104447.151584,18
1670104447.259601,18
1670104447.367300,8
1670104447.477052,8
1670104447.587970,11
1670104447.695537,13
1670104447.801794,11
1670104447.908576,18
1670104448.016523,16
1670104448.127762,17
1670104448.236419,18
1670104448.349225,13
1670104448.462045,18
1670104448.573800,11
1670104448.683626,13
1670104448.792871,13
1670104448.900681,10
1670104449.007888,11
1670104449.116470,13
1670104449.223497,14
1670104449.329984,14
1670104449.436822,15
1670104449.543975,16
1670104449.651566,17
1670104449.759232,17
1670104449.869249,17
1670104449.978843,18
1670104450.088443,18
1670104450.197017,19
1670104450.304588,19
1670104450.412159,19
1670104450.518327,11
1670104450.624561,12
1670104450.732316,13
1670104450.839139,14
1670104450.945258,15
1670104451.052558,15
1670104451.161182,17
1670104451.267843,17
1670104451.376213,17
1670104451.482076,18
1670104451.589898,17
1670104451.697011,19
1670104451.803989,19
1670104451.916315,19
1670104452.020883,11
1670104452.129701,12
1670104452.243818,9
1670104452.352302,13
1670104452.458910,15
1670104452.564259,16
1670104452.672575,17
1670104452.781309,17
1670104452.888877,18
1670104452.996683,18
1670104453.105327,18
1670104453.212722,19
1670104453.319213,19
1670104453.427094,19
1670104453.534379,11
1670104453.642344,12
1670104453.751319,10
1670104453.859784,13
1670104453.967395,14
1670104454.074357,14
1670104454.181322,15
1670104454.288260,17
1670104454.394751,18
1670104454.500828,18
1670104454.607901,19
1670104454.714937,20
1670104454.825347,19
1670104454.933137,19
1670104455.040356,13
1670104455.147686,16
1670104455.253810,15
1670104455.359837,17
1670104455.468925,17
1670104455.575805,19
1670104455.684504,20
1670104455.812149,10
1670104455.925995,19
1670104456.034457,20
1670104456.141844,13
1670104456.248593,10
1670104456.355783,12
1670104456.467861,9
1670104456.573639,20
1670104456.681064,19
1670104456.787235,3
1670104456.894264,4
1670104457.004533,8
1670104457.123727,8
1670104457.232237,11
1670104457.338404,12
1670104457.445165,12
1670104457.552147,13
1670104457.661398,14
1670104457.767223,13
1670104457.873377,15
1670104457.980439,14
1670104458.087954,16
1670104458.196273,16
1670104458.303666,17
1670104458.409683,17
1670104458.517695,18
1670104458.623727,19
1670104458.731048,19
1670104458.839131,10
1670104458.945359,11
1670104459.051743,12
1670104459.159451,13
1670104459.266012,15
1670104459.370224,16
1670104459.477218,16
1670104459.583120,16
1670104459.688515,18
1670104459.797646,18
1670104459.905161,19
1670104460.012191,19
1670104460.120415,18
1670104460.229859,20
1670104460.337232,19
1670104460.444249,11
1670104460.552290,12
1670104460.659439,12
1670104460.765927,13
1670104460.873641,14
1670104460.979771,15
1670104461.086946,17
1670104461.192691,16
1670104461.299955,17
1670104461.408218,18
1670104461.514303,19
1670104461.621290,20
1670104461.729798,19
1670104461.837477,20
1670104461.945024,11
1670104462.052094,12
1670104462.158225,12
1670104462.269082,13
1670104462.374912,14
1670104462.480256,15
1670104462.586238,14
1670104462.693805,16
1670104462.801596,18
1670104462.909429,18
1670104463.013450,19
1670104463.121398,20
1670104463.226856,19
1670104463.333456,11
1670104463.442942,15
1670104463.550380,15
1670104463.659773,16
1670104463.765988,17
1670104463.877859,19
1670104463.987317,14
1670104464.094330,15
1670104464.199789,16
1670104464.306417,19
1670104464.414876,13
1670104464.521632,15
1670104464.628105,16
1670104464.737162,17
1670104464.844398,20
1670104464.953599,11
1670104465.065544,13
1670104465.176817,10
1670104465.284629,9
1670104465.391530,9
1670104465.498864,10
1670104465.608102,11
1670104465.715240,12
1670104465.822294,14
1670104465.929718,14
1670104466.037220,15
1670104466.144205,17
1670104466.248744,17
1670104466.355658,18
1670104466.462375,19
1670104466.567380,19
1670104466.674890,20
1670104466.781452,20
1670104466.888999,19
1670104466.996371,20
1670104467.105191,11
1670104467.215371,7
1670104467.324119,8
1670104467.432018,10
1670104467.539349,11
1670104467.647003,12
1670104467.753426,12
1670104467.859544,13
1670104467.968308,14
1670104468.074165,16
1670104468.180638,16
1670104468.287217,16
1670104468.396004,17
1670104468.502100,18
1670104468.607722,19
1670104468.713471,19
1670104468.820213,19
1670104468.927624,18
1670104469.036966,9
1670104469.145139,11
1670104469.251402,11
1670104469.357501,13
1670104469.465877,13
1670104469.571440,15
1670104469.677435,15
1670104469.784150,16
1670104469.894271,18
1670104470.001629,18
1670104470.111735,19
1670104470.221043,18
1670104470.330319,20
1670104470.439027,20
1670104470.547927,10
1670104470.656399,11
1670104470.762110,12
1670104470.869685,13
1670104470.975828,14
1670104471.089015,14
1670104471.196607,14
1670104471.307911,18
1670104471.414943,13
1670104471.521368,15
1670104471.628447,16
1670104471.733769,13
1670104471.842989,20
1670104471.949044,17
1670104472.055975,17
1670104472.168704,17
1670104472.279085,17
1670104472.390313,20
1670104472.497813,14
1670104472.605151,20
1670104472.714011,14
1670104472.823796,12
1670104472.929399,15
1670104473.038036,18
1670104473.147511,12
1670104473.254413,13
1670104473.361691,13
1670104473.467993,15
1670104473.577985,15
1670104473.684454,13
1670104473.790723,16
1670104473.897321,16
1670104474.009632,17
1670104474.120578,18
1670104474.229560,17
1670104474.336513,19
1670104474.444044,20
1670104474.549615,16
1670104474.657678,11
1670104474.764450,12
1670104474.872077,13
1670104474.979719,15
1670104475.087087,15
1670104475.196480,15
1670104475.305133,16
1670104475.411150,16
1670104475.519970,17
1670104475.629877,18
1670104475.736730,18
1670104475.846055,17
1670104475.954240,18
1670104476.061689,18
1670104476.168343,11
1670104476.276454,13
1670104476.386228,14
1670104476.497333,14
1670104476.603594,15
1670104476.712484,16
1670104476.820837,16
1670104476.926498,16
1670104477.036186,17
1670104477.144708,18
1670104477.255079,18
1670104477.361874,18
1670104477.471870,19
1670104477.580856,18
1670104477.688045,11
1670104477.793878,12
1670104477.902630,14
1670104478.008455,15
1670104478.116621,15
1670104478.223660,16
1670104478.330383,17
1670104478.437650,17
1670104478.545072,17
1670104478.656255,18
1670104478.785004,17
1670104478.891280,19
1670104479.001812,19
1670104479.113084,20
1670104479.221079,15
1670104479.329789,10
1670104479.437147,11
1670104479.548020,12
1670104479.660550,12
1670104479.766652,18
1670104479.874952,19
1670104479.981246,3
1670104480.090266,4
1670104480.198156,6
1670104480.305829,17
1670104480.425292,20
1670104480.533394,7
1670104480.643134,5
1670104480.752854,8
1670104480.861673,8
1670104480.968144,10
1670104481.076539,11
1670104481.182189,10
1670104481.288737,11
1670104481.397063,12
1670104481.504134,14
1670104481.615104,14
1670104481.722170,15
1670104481.831639,15
1670104481.940173,17
1670104482.048531,17
1670104482.160848,17
1670104482.272427,18
1670104482.381334,19
1670104482.489348,20
1670104482.597777,11
1670104482.706256,10
1670104482.812874,12
1670104482.918994,12
1670104483.027198,14
1670104483.136079,15
1670104483.245570,15
1670104483.353905,15
1670104483.461693,16
1670104483.569760,17
1670104483.676545,18
1670104483.785711,17
1670104483.891420,18
1670104484.002760,20
1670104484.108673,12
1670104484.215356,11
1670104484.323932,13
1670104484.431445,12
1670104484.537652,14
1670104484.646052,13
1670104484.752240,15
1670104484.866298,16
1670104484.975497,17
1670104485.086296,16
1670104485.197648,18
1670104485.306464,18
1670104485.413447,19
1670104485.520128,19
1670104485.628230,12
1670104485.737540,12
1670104485.845734,13
1670104485.953546,13
1670104486.063647,13
1670104486.170745,14
1670104486.280315,15
1670104486.391642,15
1670104486.499366,17
1670104486.607318,17
1670104486.714314,18
1670104486.821343,18
1670104486.929983,20
1670104487.041095,10
1670104487.147336,10
1670104487.264655,13
1670104487.376034,14
1670104487.483604,7
1670104487.597145,20
1670104487.714185,18
1670104487.822907,1
1670104487.932046,19
1670104488.042286,20
1670104488.156011,5
1670104488.265912,5
1670104488.380242,7
1670104488.487936,8
1670104488.597383,10
1670104488.707963,11
1670104488.821893,11
1670104488.933993,12
1670104489.039938,13
1670104489.152470,12
1670104489.264048,16
1670104489.371786,17
1670104489.479794,18
1670104489.587617,18
1670104489.695211,19
1670104489.803447,19
1670104489.911397,20
1670104490.020520,19
1670104490.127235,11
1670104490.240715,11
1670104490.350240,11
1670104490.460091,12
1670104490.568133,14
1670104490.676528,16
1670104490.788787,16
1670104490.897524,16
1670104491.007112,17
1670104491.116119,18
1670104491.227375,17
1670104491.335240,17
1670104491.444295,19
1670104491.555168,20
1670104491.666010,20
1670104491.772839,20
1670104491.880908,5
1670104491.988683,7
1670104492.094029,8
1670104492.200917,10
1670104492.309602,12
1670104492.418307,13
1670104492.526946,13
1670104492.635238,14
1670104492.742200,15
1670104492.851617,16
1670104492.962911,16
1670104493.074204,16
1670104493.183139,16
1670104493.292560,18
1670104493.401118,17
1670104493.508788,19
1670104493.617711,19
1670104493.726254,19
1670104493.833458,11
1670104493.941804,13
1670104494.052738,14
1670104494.160117,13
1670104494.266338,15
1670104494.374491,16
1670104494.489491,18
1670104494.610019,12
1670104494.718293,17
1670104494.828245,11
1670104494.935784,20
1670104495.040724,19
1670104495.151199,2
1670104495.260024,20
1670104495.370952,3
1670104495.477820,5
1670104495.583411,9
1670104495.689421,9
1670104495.798355,9
1670104495.908014,9
1670104496.015173,11
1670104496.122406,12
1670104496.231464,12
1670104496.340450,14
1670104496.447022,13
1670104496.555086,15
1670104496.663347,15
1670104496.770067,17
1670104496.877972,17
1670104496.986841,18
1670104497.096059,19
1670104497.204037,20
1670104497.313056,19
1670104497.420879,13
1670104497.528330,11
1670104497.639081,12
1670104497.751355,12
1670104497.862497,13
1670104497.971990,15
1670104498.081870,15
1670104498.196989,16
1670104498.309284,17
1670104498.417498,18
1670104498.524391,18
1670104498.631033,19
1670104498.738483,20
1670104498.846178,19
1670104498.955927,9
1670104499.062092,11
1670104499.176723,11
1670104499.288543,12
1670104499.399283,13
1670104499.509922,15
1670104499.619453,15
1670104499.732610,16
1670104499.844126,18
1670104499.956898,17
1670104500.067976,18
1670104500.181181,19
1670104500.296198,15
1670104500.409665,19
1670104500.522004,19
1670104500.631869,10
1670104500.738735,12
1670104500.845404,14
1670104500.956982,15
1670104501.065456,15
1670104501.173028,16
1670104501.283345,17
1670104501.400963,15
1670104501.509286,17
1670104501.625206,17
1670104501.737821,18
1670104501.863404,18
1670104501.977888,10
1670104502.087121,8
1670104502.200032,11
1670104502.308751,13
1670104502.420082,9
1670104502.537190,11
1670104502.646464,20
1670104502.760027,18
1670104502.873610,13
1670104502.999960,12
1670104503.112570,20
1670104503.224557,3
1670104503.332234,4
1670104503.462279,6
1670104503.573386,7
1670104503.693510,10
1670104503.816003,9
1670104503.926009,12
1670104504.037769,12
1670104504.145385,13
1670104504.252389,14
1670104504.366399,15
1670104504.478080,15
1670104504.589763,16
1670104504.698636,18
1670104504.815395,15
1670104504.939513,18
1670104505.052732,17
1670104505.162279,20
1670104505.270014,20
1670104505.378191,19
1670104505.487011,11
1670104505.598011,11
1670104505.703649,12
1670104505.815506,14
1670104505.922780,15
1670104506.031956,16
1670104506.141841,17
1670104506.251009,17
1670104506.364289,16
1670104506.470996,18
1670104506.578114,18
1670104506.684417,18
1670104506.791050,18
1670104506.896756,19
1670104507.004455,11
1670104507.115302,12
1670104507.220696,13
1670104507.331738,13
1670104507.441887,15
1670104507.560168,15
1670104507.670242,15
1670104507.783531,0
1670104507.897294,0
1670104508.005955,0
1670104508.113108,0
1670104508.224384,0
1670104508.339893,0
1670104508.448495,0
1670104508.557182,0
1670104508.666400,0
1670104508.777944,0
1670104508.885242,0
1670104508.991791,0
1670104509.100475,0
1670104509.210257,0
1670104509.326076,0
1670104509.438280,0
